cells/mL	1.2E7
O2calib	8.35E2
O2background	5.8E-12
CO2calib	1E3
CO2background 40	60
pH	8.02
temp	20
________
DIC light_on	light_off
50	279	465
100	737	1003
100	1376	1677
100	2034	2326
150	2553	2884
300	3156	3528
400	3749	4066
400	4504	4765
400	4971	5223
-1	5469	-999
________
DIC	addition	stabilize
50	123	214
100	526	621
100	1195	1270
100	1858	1944
150	2422	2502
300	3035	3111
400	3634	3729
400	4212	4287
400	4850	4911
________
DIC	Photo	CO2up
50	2.74E-18	6.8E-19
100	4.49E-18	2.6E-18
100	6.3E-18	4.6E-18
100	7.7E-18	5.77E-18
150	9.45E-18	7.1E-18
300	1.22E-17	8.6E-18
400	1.46E-17	1.02E-17
400	1.46E-17	1.07E-17
400	1.59E-17	1.24E-17
________